     1        0   0.000
     2    29358   0.020
     3    58715   0.040
     4    88072   0.060
     5   117429   0.080
     6   146786   0.100
     7   176143   0.120
     8   205500   0.140
     9   234857   0.160
    10   264214   0.180
    11   293571   0.200
    12   322928   0.220
    13   352285   0.240
    14   381642   0.260
    15   410999   0.280
    16   440356   0.300
    17   469713   0.320
    18   499070   0.340
    19   528427   0.360
    20   557784   0.380
    21   587141   0.400
    22   616498   0.420
    23   645855   0.440
    24   675212   0.460
    25   704569   0.480
    26   733926   0.500
    27   763283   0.520
    28   792640   0.540
    29   821997   0.560
    30   851354   0.580
    31   880711   0.600
    32   910068   0.620
    33   939425   0.640
    34   968782   0.660
    35   998139   0.680
    36  1027496   0.700
    37  1056853   0.720
    38  1086210   0.740
    39  1115567   0.760
    40  1144924   0.780
    41  1174281   0.800
    42  1203638   0.820
    43  1232995   0.840
    44  1262352   0.860
    45  1291709   0.880
    46  1321066   0.900
    47  1350423   0.920
    48  1379780   0.940
    49  1409137   0.960
    50  1438494   0.980
    51  1467851   1.000
    52  1497208   1.020
    53  1526565   1.040
    54  1555922   1.060
    55  1585279   1.080
    56  1614636   1.100
    57  1643993   1.120
    58  1673350   1.140
    59  1702707   1.160
    60  1732064   1.180
    61  1761421   1.200
    62  1790778   1.220
    63  1820135   1.240
    64  1849492   1.260
    65  1878849   1.280
    66  1908206   1.300
    67  1937563   1.320
    68  1966920   1.340
    69  1996277   1.360
    70  2025634   1.380
    71  2054991   1.400
    72  2084348   1.420
    73  2113705   1.440
    74  2143062   1.460
    75  2172419   1.480
    76  2201776   1.500
    77  2231133   1.520
    78  2260490   1.540
    79  2289847   1.560
    80  2319204   1.580
    81  2348561   1.600
    82  2377918   1.620
    83  2407275   1.640
    84  2436632   1.660
    85  2465989   1.680
    86  2495346   1.700
    87  2524703   1.720
    88  2554060   1.740
    89  2583417   1.760
    90  2612774   1.780
    91  2642131   1.800
    92  2671488   1.820
    93  2700845   1.840
    94  2730202   1.860
    95  2759559   1.880
