     1        0   129600   0.000
     2    29358   129962   0.020
     3    58715   131442   0.040
     4    88072   131979   0.060
     5   117429   133575   0.080
     6   146786   134184   0.100
     7   176143   135966   0.120
     8   205500   137177   0.140
     9   234857   138795   0.160
    10   264214   140001   0.180
    11   293571   141863   0.200
    12   322928   143038   0.220
    13   352285   144756   0.240
    14   381642   145960   0.260
    15   410999   147881   0.280
    16   440356   148469   0.300
    17   469713   151082   0.320
    18   499070   152287   0.340
    19   528427   154163   0.360
    20   557784   154764   0.380
    21   587141   157199   0.400
    22   616498   158423   0.420
    23   645855   159044   0.440
    24   675212   161146   0.460
    25   704569   162354   0.480
    26   733926   164590   0.500
    27   763283   165805   0.520
    28   792640   166428   0.540
    29   821997   168992   0.560
    30   851354   170213   0.580
    31   880711   172307   0.600
    32   910068   172933   0.620
    33   939425   175395   0.640
    34   968782   176612   0.660
    35   998139   178781   0.680
    36  1027496   179996   0.700
    37  1056853   180623   0.720
    38  1086210   183362   0.740
    39  1115567   184575   0.760
    40  1144924   186782   0.780
    41  1174281   187996   0.800
    42  1203638   190601   0.820
    43  1232995   191245   0.840
    44  1262352   192469   0.860
    45  1291709   194862   0.880
    46  1321066   196077   0.900
    47  1350423   198702   0.920
    48  1379780   199938   0.940
    49  1409137   200555   0.960
    50  1438494   203459   0.980
    51  1467851   204077   1.000
    52  1497208   207304   1.020
    53  1526565   207934   1.040
    54  1555922   211155   1.060
    55  1585279   211762   1.080
    56  1614636   215009   1.100
    57  1643993   215556   1.120
    58  1673350   216775   1.140
    59  1702707   219858   1.160
    60  1732064   220469   1.180
    61  1761421   221090   1.200
    62  1790778   224879   1.220
    63  1820135   225515   1.240
    64  1849492   228770   1.260
    65  1878849   229357   1.280
    66  1908206   229981   1.300
    67  1937563   233992   1.320
    68  1966920   234630   1.340
    69  1996277   237879   1.360
    70  2025634   238475   1.380
    71  2054991   239100   1.400
    72  2084348   242789   1.420
    73  2113705   244017   1.440
    74  2143062   246314   1.460
    75  2172419   246928   1.480
    76  2201776   248147   1.500
    77  2231133   251626   1.520
    78  2260490   252249   1.540
    79  2289847   253464   1.560
    80  2319204   256250   1.580
    81  2348561   256867   1.600
    82  2377918   260389   1.620
    83  2407275   261013   1.640
    84  2436632   264465   1.660
    85  2465989   265058   1.680
    86  2495346   266275   1.700
    87  2524703   269482   1.720
    88  2554060   270714   1.740
    89  2583417   273233   1.760
    90  2612774   273850   1.780
    91  2642131   275072   1.800
    92  2671488   278391   1.820
    93  2700845   279613   1.840
    94  2730202   281898   1.860
    95  2759559   283113   1.880
